4 (0;0) (0;1) (1;1) (1;0)
4 (0;0) (0;1) (1;1) (1;0)
4 (0;0) (0;1) (1;1) (1;0)

3 (0;0) (0;1) (1;1)
5 (0;0) (0;2) (1;2) (2;1) (1;0)

3 (3;3) (1;1) (1;3)
4 (0;0) (1;0) (1;1) (0;1)
4 (0;0) (1;0) (1;1) (0;1)
3 (3;3) (1;1) (1;3)

3 (3;3) (1;1) (1;3)
3 (3;3) (1;1) (1;3)
4 (0;0) (1;0) (1;1) (0;1)
3 (3;3) (1;1) (1;3)
3 (3;3) (1;1) (1;3)
3 (3;3) (1;1) (1;3)
4 (0;0) (1;0) (1;1) (0;1)
4 (0;0) (1;0) (1;1) (0;1)
3 (3;3) (1;1) (1;3)


a (3;3) (1;1) (1;3)
-10 (3;3) (1;1) (1;3)
3 (dsa;3) (1;1) (1;3)
4 (0....0) (1;0) (1;1) (0;1)
4 (0d'sadsaddsadsad0) (1;0) (1;1) (0;1)
3 (127;127) (1;1) (1;3) (1;3) (1;3)
4 (0....0) (1;0) (1;-3) (0;1)
4 (0d'da) (1;0) (1;1) (0;1) (0;1) (0;1) (0;1) (0;1) (0;1) (0;1)
3 (127;127) (1;1) (1;3) (1;3) (1;3)3 (dsa;3) (1;1) (1;3)
4 (0....0) (1eqweqwe0)dsad (1;1) (0;1)
4 (0d'sadsaddsadsad0) (1;0) (1;1) (0;1)
3 (127;127) (1;1) (1;3) [1;3] (1;3)